-2
-1.996
-1.99201
-1.98801
-1.98402
-1.98002
-1.97602
-1.97203
-1.96803
-1.96404
-1.96004
-1.95604
-1.95205
-1.94805
-1.94406
-1.94006
-1.93606
-1.93207
-1.92807
-1.92408
-1.92008
-1.91608
-1.91209
-1.90809
-1.9041
-1.9001
-1.8961
-1.89211
-1.88811
-1.88412
-1.88012
-1.87612
-1.87213
-1.86813
-1.86414
-1.86014
-1.85614
-1.85215
-1.84815
-1.84416
-1.84016
-1.83616
-1.83217
-1.82817
-1.82418
-1.82018
-1.81618
-1.81219
-1.80819
-1.8042
-1.8002
-1.7962
-1.79221
-1.78821
-1.78422
-1.78022
-1.77622
-1.77223
-1.76823
-1.76424
-1.76024
-1.75624
-1.75225
-1.74825
-1.74426
-1.74026
-1.73626
-1.73227
-1.72827
-1.72428
-1.72028
-1.71628
-1.71229
-1.70829
-1.7043
-1.7003
-1.6963
-1.69231
-1.68831
-1.68432
-1.68032
-1.67632
-1.67233
-1.66833
-1.66434
-1.66034
-1.65634
-1.65235
-1.64835
-1.64436
-1.64036
-1.63636
-1.63237
-1.62837
-1.62438
-1.62038
-1.61638
-1.61239
-1.60839
-1.6044
-1.6004
-1.5964
-1.59241
-1.58841
-1.58442
-1.58042
-1.57642
-1.57243
-1.56843
-1.56444
-1.56044
-1.55644
-1.55245
-1.54845
-1.54446
-1.54046
-1.53646
-1.53247
-1.52847
-1.52448
-1.52048
-1.51648
-1.51249
-1.50849
-1.5045
-1.5005
-1.4965
-1.49251
-1.48851
-1.48452
-1.48052
-1.47652
-1.47253
-1.46853
-1.46454
-1.46054
-1.45654
-1.45255
-1.44855
-1.44456
-1.44056
-1.43656
-1.43257
-1.42857
-1.42458
-1.42058
-1.41658
-1.41259
-1.40859
-1.4046
-1.4006
-1.3966
-1.39261
-1.38861
-1.38462
-1.38062
-1.37662
-1.37263
-1.36863
-1.36464
-1.36064
-1.35664
-1.35265
-1.34865
-1.34466
-1.34066
-1.33666
-1.33267
-1.32867
-1.32468
-1.32068
-1.31668
-1.31269
-1.30869
-1.3047
-1.3007
-1.2967
-1.29271
-1.28871
-1.28472
-1.28072
-1.27672
-1.27273
-1.26873
-1.26474
-1.26074
-1.25674
-1.25275
-1.24875
-1.24476
-1.24076
-1.23676
-1.23277
-1.22877
-1.22478
-1.22078
-1.21678
-1.21279
-1.20879
-1.2048
-1.2008
-1.1968
-1.19281
-1.18881
-1.18482
-1.18082
-1.17682
-1.17283
-1.16883
-1.16484
-1.16084
-1.15684
-1.15285
-1.14885
-1.14486
-1.14086
-1.13686
-1.13287
-1.12887
-1.12488
-1.12088
-1.11688
-1.11289
-1.10889
-1.1049
-1.1009
-1.0969
-1.09291
-1.08891
-1.08492
-1.08092
-1.07692
-1.07293
-1.06893
-1.06494
-1.06094
-1.05694
-1.05295
-1.04895
-1.04496
-1.04096
-1.03696
-1.03297
-1.02897
-1.02498
-1.02098
-1.01698
-1.01299
-1.00899
-1.005
-1.001
-0.997003
-0.993007
-0.989011
-0.985015
-0.981019
-0.977023
-0.973027
-0.969031
-0.965035
-0.961039
-0.957043
-0.953047
-0.949051
-0.945055
-0.941059
-0.937063
-0.933067
-0.929071
-0.925075
-0.921079
-0.917083
-0.913087
-0.909091
-0.905095
-0.901099
-0.897103
-0.893107
-0.889111
-0.885115
-0.881119
-0.877123
-0.873127
-0.869131
-0.865135
-0.861139
-0.857143
-0.853147
-0.849151
-0.845155
-0.841159
-0.837163
-0.833167
-0.829171
-0.825175
-0.821179
-0.817183
-0.813187
-0.809191
-0.805195
-0.801199
-0.797203
-0.793207
-0.789211
-0.785215
-0.781219
-0.777223
-0.773227
-0.769231
-0.765235
-0.761239
-0.757243
-0.753247
-0.749251
-0.745255
-0.741259
-0.737263
-0.733267
-0.729271
-0.725275
-0.721279
-0.717283
-0.713287
-0.709291
-0.705295
-0.701299
-0.697303
-0.693307
-0.689311
-0.685315
-0.681319
-0.677323
-0.673327
-0.669331
-0.665335
-0.661339
-0.657343
-0.653347
-0.649351
-0.645355
-0.641359
-0.637363
-0.633367
-0.629371
-0.625375
-0.621379
-0.617383
-0.613387
-0.609391
-0.605395
-0.601399
-0.597403
-0.593407
-0.589411
-0.585415
-0.581419
-0.577423
-0.573427
-0.569431
-0.565435
-0.561439
-0.557443
-0.553447
-0.549451
-0.545455
-0.541459
-0.537463
-0.533467
-0.529471
-0.525475
-0.521479
-0.517483
-0.513487
-0.509491
-0.505495
-0.501499
-0.497502
-0.493506
-0.48951
-0.485514
-0.481518
-0.477522
-0.473526
-0.46953
-0.465534
-0.461538
-0.457542
-0.453546
-0.44955
-0.445554
-0.441558
-0.437562
-0.433566
-0.42957
-0.425574
-0.421578
-0.417582
-0.413586
-0.40959
-0.405594
-0.401598
-0.397602
-0.393606
-0.38961
-0.385614
-0.381618
-0.377622
-0.373626
-0.36963
-0.365634
-0.361638
-0.357642
-0.353646
-0.34965
-0.345654
-0.341658
-0.337662
-0.333666
-0.32967
-0.325674
-0.321678
-0.317682
-0.313686
-0.30969
-0.305694
-0.301698
-0.297702
-0.293706
-0.28971
-0.285714
-0.281718
-0.277722
-0.273726
-0.26973
-0.265734
-0.261738
-0.257742
-0.253746
-0.24975
-0.245754
-0.241758
-0.237762
-0.233766
-0.22977
-0.225774
-0.221778
-0.217782
-0.213786
-0.20979
-0.205794
-0.201798
-0.197802
-0.193806
-0.18981
-0.185814
-0.181818
-0.177822
-0.173826
-0.16983
-0.165834
-0.161838
-0.157842
-0.153846
-0.14985
-0.145854
-0.141858
-0.137862
-0.133866
-0.12987
-0.125874
-0.121878
-0.117882
-0.113886
-0.10989
-0.105894
-0.101898
-0.0979021
-0.0939061
-0.0899101
-0.0859141
-0.0819181
-0.0779221
-0.0739261
-0.0699301
-0.0659341
-0.0619381
-0.0579421
-0.0539461
-0.04995
-0.045954
-0.041958
-0.037962
-0.033966
-0.02997
-0.025974
-0.021978
-0.017982
-0.013986
-0.00999001
-0.00599401
-0.001998
0.001998
0.00599401
0.00999001
0.013986
0.017982
0.021978
0.025974
0.02997
0.033966
0.037962
0.041958
0.045954
0.04995
0.0539461
0.0579421
0.0619381
0.0659341
0.0699301
0.0739261
0.0779221
0.0819181
0.0859141
0.0899101
0.0939061
0.0979021
0.101898
0.105894
0.10989
0.113886
0.117882
0.121878
0.125874
0.12987
0.133866
0.137862
0.141858
0.145854
0.14985
0.153846
0.157842
0.161838
0.165834
0.16983
0.173826
0.177822
0.181818
0.185814
0.18981
0.193806
0.197802
0.201798
0.205794
0.20979
0.213786
0.217782
0.221778
0.225774
0.22977
0.233766
0.237762
0.241758
0.245754
0.24975
0.253746
0.257742
0.261738
0.265734
0.26973
0.273726
0.277722
0.281718
0.285714
0.28971
0.293706
0.297702
0.301698
0.305694
0.30969
0.313686
0.317682
0.321678
0.325674
0.32967
0.333666
0.337662
0.341658
0.345654
0.34965
0.353646
0.357642
0.361638
0.365634
0.36963
0.373626
0.377622
0.381618
0.385614
0.38961
0.393606
0.397602
0.401598
0.405594
0.40959
0.413586
0.417582
0.421578
0.425574
0.42957
0.433566
0.437562
0.441558
0.445554
0.44955
0.453546
0.457542
0.461538
0.465534
0.46953
0.473526
0.477522
0.481518
0.485514
0.48951
0.493506
0.497502
0.501499
0.505495
0.509491
0.513487
0.517483
0.521479
0.525475
0.529471
0.533467
0.537463
0.541459
0.545455
0.549451
0.553447
0.557443
0.561439
0.565435
0.569431
0.573427
0.577423
0.581419
0.585415
0.589411
0.593407
0.597403
0.601399
0.605395
0.609391
0.613387
0.617383
0.621379
0.625375
0.629371
0.633367
0.637363
0.641359
0.645355
0.649351
0.653347
0.657343
0.661339
0.665335
0.669331
0.673327
0.677323
0.681319
0.685315
0.689311
0.693307
0.697303
0.701299
0.705295
0.709291
0.713287
0.717283
0.721279
0.725275
0.729271
0.733267
0.737263
0.741259
0.745255
0.749251
0.753247
0.757243
0.761239
0.765235
0.769231
0.773227
0.777223
0.781219
0.785215
0.789211
0.793207
0.797203
0.801199
0.805195
0.809191
0.813187
0.817183
0.821179
0.825175
0.829171
0.833167
0.837163
0.841159
0.845155
0.849151
0.853147
0.857143
0.861139
0.865135
0.869131
0.873127
0.877123
0.881119
0.885115
0.889111
0.893107
0.897103
0.901099
0.905095
0.909091
0.913087
0.917083
0.921079
0.925075
0.929071
0.933067
0.937063
0.941059
0.945055
0.949051
0.953047
0.957043
0.961039
0.965035
0.969031
0.973027
0.977023
0.981019
0.985015
0.989011
0.993007
0.997003
1.001
1.005
1.00899
1.01299
1.01698
1.02098
1.02498
1.02897
1.03297
1.03696
1.04096
1.04496
1.04895
1.05295
1.05694
1.06094
1.06494
1.06893
1.07293
1.07692
1.08092
1.08492
1.08891
1.09291
1.0969
1.1009
1.1049
1.10889
1.11289
1.11688
1.12088
1.12488
1.12887
1.13287
1.13686
1.14086
1.14486
1.14885
1.15285
1.15684
1.16084
1.16484
1.16883
1.17283
1.17682
1.18082
1.18482
1.18881
1.19281
1.1968
1.2008
1.2048
1.20879
1.21279
1.21678
1.22078
1.22478
1.22877
1.23277
1.23676
1.24076
1.24476
1.24875
1.25275
1.25674
1.26074
1.26474
1.26873
1.27273
1.27672
1.28072
1.28472
1.28871
1.29271
1.2967
1.3007
1.3047
1.30869
1.31269
1.31668
1.32068
1.32468
1.32867
1.33267
1.33666
1.34066
1.34466
1.34865
1.35265
1.35664
1.36064
1.36464
1.36863
1.37263
1.37662
1.38062
1.38462
1.38861
1.39261
1.3966
1.4006
1.4046
1.40859
1.41259
1.41658
1.42058
1.42458
1.42857
1.43257
1.43656
1.44056
1.44456
1.44855
1.45255
1.45654
1.46054
1.46454
1.46853
1.47253
1.47652
1.48052
1.48452
1.48851
1.49251
1.4965
1.5005
1.5045
1.50849
1.51249
1.51648
1.52048
1.52448
1.52847
1.53247
1.53646
1.54046
1.54446
1.54845
1.55245
1.55644
1.56044
1.56444
1.56843
1.57243
1.57642
1.58042
1.58442
1.58841
1.59241
1.5964
1.6004
1.6044
1.60839
1.61239
1.61638
1.62038
1.62438
1.62837
1.63237
1.63636
1.64036
1.64436
1.64835
1.65235
1.65634
1.66034
1.66434
1.66833
1.67233
1.67632
1.68032
1.68432
1.68831
1.69231
1.6963
1.7003
1.7043
1.70829
1.71229
1.71628
1.72028
1.72428
1.72827
1.73227
1.73626
1.74026
1.74426
1.74825
1.75225
1.75624
1.76024
1.76424
1.76823
1.77223
1.77622
1.78022
1.78422
1.78821
1.79221
1.7962
1.8002
1.8042
1.80819
1.81219
1.81618
1.82018
1.82418
1.82817
1.83217
1.83616
1.84016
1.84416
1.84815
1.85215
1.85614
1.86014
1.86414
1.86813
1.87213
1.87612
1.88012
1.88412
1.88811
1.89211
1.8961
1.9001
1.9041
1.90809
1.91209
1.91608
1.92008
1.92408
1.92807
1.93207
1.93606
1.94006
1.94406
1.94805
1.95205
1.95604
1.96004
1.96404
1.96803
1.97203
1.97602
1.98002
1.98402
1.98801
1.99201
1.996
2
