0
0.126365
0.178617
0.218651
0.25235
0.281994
0.308754
0.333325
0.35616
0.377575
0.397798
0.417004
0.435326
0.452873
0.46973
0.485971
0.501654
0.51683
0.531544
0.545831
0.559726
0.573256
0.586447
0.599321
0.611898
0.624196
0.636231
0.648018
0.659571
0.6709
0.682019
0.692935
0.70366
0.714201
0.724567
0.734765
0.744802
0.754684
0.764418
0.774009
0.783461
0.792781
0.801973
0.811041
0.819989
0.828822
0.837542
0.846153
0.854659
0.863063
0.871367
0.879575
0.887689
0.895711
0.903645
0.911492
0.919255
0.926935
0.934535
0.942057
0.949503
0.956874
0.964172
0.971399
0.978556
0.985645
0.992667
0.999624
1.00652
1.01335
1.02012
1.02683
1.03348
1.04007
1.0466
1.05308
1.05951
1.06588
1.0722
1.07846
1.08468
1.09084
1.09696
1.10303
1.10905
1.11502
1.12095
1.12683
1.13267
1.13846
1.14421
1.14992
1.15558
1.16121
1.16679
1.17234
1.17784
1.1833
1.18873
1.19412
1.19947
1.20478
1.21006
1.2153
1.2205
1.22567
1.23081
1.23591
1.24098
1.24601
1.25101
1.25598
1.26091
1.26582
1.27069
1.27553
1.28034
1.28512
1.28987
1.29459
1.29929
1.30395
1.30858
1.31318
1.31776
1.32231
1.32683
1.33132
1.33579
1.34023
1.34464
1.34903
1.35339
1.35772
1.36203
1.36632
1.37058
1.37481
1.37902
1.38321
1.38737
1.3915
1.39562
1.39971
1.40378
1.40782
1.41184
1.41584
1.41981
1.42377
1.4277
1.43161
1.43549
1.43936
1.4432
1.44703
1.45083
1.45461
1.45837
1.46211
1.46583
1.46953
1.47321
1.47687
1.48051
1.48413
1.48773
1.49131
1.49487
1.49841
1.50193
1.50544
1.50892
1.51239
1.51584
1.51927
1.52268
1.52608
1.52945
1.53281
1.53615
1.53947
1.54278
1.54607
1.54934
1.55259
1.55583
1.55905
1.56225
1.56543
1.5686
1.57176
1.57489
1.57801
1.58112
1.5842
1.58727
1.59033
1.59337
1.59639
1.5994
1.60239
1.60537
1.60833
1.61128
1.61421
1.61712
1.62002
1.62291
1.62578
1.62864
1.63148
1.6343
1.63711
1.63991
1.64269
1.64546
1.64821
1.65095
1.65368
1.65639
1.65909
1.66177
1.66444
1.6671
1.66974
1.67236
1.67498
1.67758
1.68017
1.68274
1.6853
1.68785
1.69038
1.6929
1.69541
1.6979
1.70038
1.70285
1.70531
1.70775
1.71018
1.71259
1.715
1.71739
1.71977
1.72213
1.72449
1.72683
1.72916
1.73147
1.73378
1.73607
1.73835
1.74062
1.74287
1.74511
1.74735
1.74957
1.75177
1.75397
1.75615
1.75832
1.76048
1.76263
1.76477
1.76689
1.76901
1.77111
1.7732
1.77528
1.77735
1.7794
1.78145
1.78348
1.7855
1.78751
1.78951
1.7915
1.79348
1.79545
1.7974
1.79935
1.80128
1.8032
1.80511
1.80702
1.80891
1.81079
1.81265
1.81451
1.81636
1.81819
1.82002
1.82184
1.82364
1.82543
1.82722
1.82899
1.83075
1.83251
1.83425
1.83598
1.8377
1.83941
1.84111
1.8428
1.84448
1.84615
1.84781
1.84946
1.8511
1.85273
1.85435
1.85596
1.85756
1.85915
1.86073
1.8623
1.86386
1.86541
1.86695
1.86848
1.87
1.87151
1.87301
1.8745
1.87599
1.87746
1.87892
1.88037
1.88182
1.88325
1.88467
1.88609
1.88749
1.88889
1.89027
1.89165
1.89302
1.89438
1.89572
1.89706
1.89839
1.89971
1.90102
1.90232
1.90362
1.9049
1.90617
1.90744
1.90869
1.90994
1.91118
1.9124
1.91362
1.91483
1.91603
1.91722
1.91841
1.91958
1.92074
1.9219
1.92305
1.92418
1.92531
1.92643
1.92754
1.92864
1.92973
1.93082
1.93189
1.93296
1.93402
1.93506
1.9361
1.93713
1.93816
1.93917
1.94017
1.94117
1.94216
1.94313
1.9441
1.94506
1.94602
1.94696
1.9479
1.94882
1.94974
1.95065
1.95155
1.95244
1.95332
1.9542
1.95506
1.95592
1.95677
1.95761
1.95844
1.95926
1.96008
1.96089
1.96168
1.96247
1.96325
1.96403
1.96479
1.96555
1.96629
1.96703
1.96776
1.96849
1.9692
1.9699
1.9706
1.97129
1.97197
1.97264
1.97331
1.97396
1.97461
1.97525
1.97588
1.9765
1.97711
1.97772
1.97832
1.97891
1.97949
1.98006
1.98062
1.98118
1.98173
1.98227
1.9828
1.98332
1.98384
1.98434
1.98484
1.98533
1.98582
1.98629
1.98676
1.98722
1.98767
1.98811
1.98854
1.98897
1.98938
1.98979
1.99019
1.99059
1.99097
1.99135
1.99172
1.99208
1.99243
1.99278
1.99311
1.99344
1.99376
1.99407
1.99438
1.99467
1.99496
1.99524
1.99551
1.99578
1.99603
1.99628
1.99652
1.99675
1.99698
1.99719
1.9974
1.9976
1.99779
1.99798
1.99815
1.99832
1.99848
1.99863
1.99878
1.99891
1.99904
1.99916
1.99927
1.99938
1.99947
1.99956
1.99964
1.99971
1.99978
1.99983
1.99988
1.99992
1.99995
1.99998
1.99999
2
2
1.99999
1.99998
1.99995
1.99992
1.99988
1.99983
1.99978
1.99971
1.99964
1.99956
1.99947
1.99938
1.99927
1.99916
1.99904
1.99891
1.99878
1.99863
1.99848
1.99832
1.99815
1.99798
1.99779
1.9976
1.9974
1.99719
1.99698
1.99675
1.99652
1.99628
1.99603
1.99578
1.99551
1.99524
1.99496
1.99467
1.99438
1.99407
1.99376
1.99344
1.99311
1.99278
1.99243
1.99208
1.99172
1.99135
1.99097
1.99059
1.99019
1.98979
1.98938
1.98897
1.98854
1.98811
1.98767
1.98722
1.98676
1.98629
1.98582
1.98533
1.98484
1.98434
1.98384
1.98332
1.9828
1.98227
1.98173
1.98118
1.98062
1.98006
1.97949
1.97891
1.97832
1.97772
1.97711
1.9765
1.97588
1.97525
1.97461
1.97396
1.97331
1.97264
1.97197
1.97129
1.9706
1.9699
1.9692
1.96849
1.96776
1.96703
1.96629
1.96555
1.96479
1.96403
1.96325
1.96247
1.96168
1.96089
1.96008
1.95926
1.95844
1.95761
1.95677
1.95592
1.95506
1.9542
1.95332
1.95244
1.95155
1.95065
1.94974
1.94882
1.9479
1.94696
1.94602
1.94506
1.9441
1.94313
1.94216
1.94117
1.94017
1.93917
1.93816
1.93713
1.9361
1.93506
1.93402
1.93296
1.93189
1.93082
1.92973
1.92864
1.92754
1.92643
1.92531
1.92418
1.92305
1.9219
1.92074
1.91958
1.91841
1.91722
1.91603
1.91483
1.91362
1.9124
1.91118
1.90994
1.90869
1.90744
1.90617
1.9049
1.90362
1.90232
1.90102
1.89971
1.89839
1.89706
1.89572
1.89438
1.89302
1.89165
1.89027
1.88889
1.88749
1.88609
1.88467
1.88325
1.88182
1.88037
1.87892
1.87746
1.87599
1.8745
1.87301
1.87151
1.87
1.86848
1.86695
1.86541
1.86386
1.8623
1.86073
1.85915
1.85756
1.85596
1.85435
1.85273
1.8511
1.84946
1.84781
1.84615
1.84448
1.8428
1.84111
1.83941
1.8377
1.83598
1.83425
1.83251
1.83075
1.82899
1.82722
1.82543
1.82364
1.82184
1.82002
1.81819
1.81636
1.81451
1.81265
1.81079
1.80891
1.80702
1.80511
1.8032
1.80128
1.79935
1.7974
1.79545
1.79348
1.7915
1.78951
1.78751
1.7855
1.78348
1.78145
1.7794
1.77735
1.77528
1.7732
1.77111
1.76901
1.76689
1.76477
1.76263
1.76048
1.75832
1.75615
1.75397
1.75177
1.74957
1.74735
1.74511
1.74287
1.74062
1.73835
1.73607
1.73378
1.73147
1.72916
1.72683
1.72449
1.72213
1.71977
1.71739
1.715
1.71259
1.71018
1.70775
1.70531
1.70285
1.70038
1.6979
1.69541
1.6929
1.69038
1.68785
1.6853
1.68274
1.68017
1.67758
1.67498
1.67236
1.66974
1.6671
1.66444
1.66177
1.65909
1.65639
1.65368
1.65095
1.64821
1.64546
1.64269
1.63991
1.63711
1.6343
1.63148
1.62864
1.62578
1.62291
1.62002
1.61712
1.61421
1.61128
1.60833
1.60537
1.60239
1.5994
1.59639
1.59337
1.59033
1.58727
1.5842
1.58112
1.57801
1.57489
1.57176
1.5686
1.56543
1.56225
1.55905
1.55583
1.55259
1.54934
1.54607
1.54278
1.53947
1.53615
1.53281
1.52945
1.52608
1.52268
1.51927
1.51584
1.51239
1.50892
1.50544
1.50193
1.49841
1.49487
1.49131
1.48773
1.48413
1.48051
1.47687
1.47321
1.46953
1.46583
1.46211
1.45837
1.45461
1.45083
1.44703
1.4432
1.43936
1.43549
1.43161
1.4277
1.42377
1.41981
1.41584
1.41184
1.40782
1.40378
1.39971
1.39562
1.3915
1.38737
1.38321
1.37902
1.37481
1.37058
1.36632
1.36203
1.35772
1.35339
1.34903
1.34464
1.34023
1.33579
1.33132
1.32683
1.32231
1.31776
1.31318
1.30858
1.30395
1.29929
1.29459
1.28987
1.28512
1.28034
1.27553
1.27069
1.26582
1.26091
1.25598
1.25101
1.24601
1.24098
1.23591
1.23081
1.22567
1.2205
1.2153
1.21006
1.20478
1.19947
1.19412
1.18873
1.1833
1.17784
1.17234
1.16679
1.16121
1.15558
1.14992
1.14421
1.13846
1.13267
1.12683
1.12095
1.11502
1.10905
1.10303
1.09696
1.09084
1.08468
1.07846
1.0722
1.06588
1.05951
1.05308
1.0466
1.04007
1.03348
1.02683
1.02012
1.01335
1.00652
0.999624
0.992667
0.985645
0.978556
0.971399
0.964172
0.956874
0.949503
0.942057
0.934535
0.926935
0.919255
0.911492
0.903645
0.895711
0.887689
0.879575
0.871367
0.863063
0.854659
0.846153
0.837542
0.828822
0.819989
0.811041
0.801973
0.792781
0.783461
0.774009
0.764418
0.754684
0.744802
0.734765
0.724567
0.714201
0.70366
0.692935
0.682019
0.6709
0.659571
0.648018
0.636231
0.624196
0.611898
0.599321
0.586447
0.573256
0.559726
0.545831
0.531544
0.51683
0.501654
0.485971
0.46973
0.452873
0.435326
0.417004
0.397798
0.377575
0.35616
0.333325
0.308754
0.281994
0.25235
0.218651
0.178617
0.126365
0
